[gd_scene load_steps=8 format=2]

[ext_resource path="res://Stages/Stage.gd" type="Script" id=1]
[ext_resource path="res://Stages/table_in_perspective.jpg" type="Texture" id=2]
[ext_resource path="res://Example/Max_idle_1.png" type="Texture" id=3]
[ext_resource path="res://Example/Lippo.png" type="Texture" id=4]
[ext_resource path="res://Stages/PXL_20220506_214257418.jpg" type="Texture" id=5]

[sub_resource type="CubeMesh" id=1]

[sub_resource type="GDScript" id=3]
script/source = "extends Sprite3D
tool

var acc = 0

func _process(delta):
	acc += delta
	
	var scaled = acc * 4 / 3.0
	var frac = scaled - int(scaled)
	self.translation.y = 1 - 7 * (frac) * (frac - 1)
"

[node name="Stage" type="Spatial"]
script = ExtResource( 1 )

[node name="Camera" type="Camera" parent="."]
transform = Transform( 1, 0, 0, 0, 1, 0, 0, 0, 1, 0, 1.81007, 5.141 )
current = true

[node name="Right2" type="MeshInstance" parent="."]
transform = Transform( 0.825129, 0.492235, -0.277247, -0.504371, 0.86293, 0.0309954, 0.254502, 0.11426, 0.960299, 0.833203, -3.58651, -25.1491 )
visible = false
mesh = SubResource( 1 )
skeleton = NodePath("")
material/0 = null

[node name="Right8" type="MeshInstance" parent="."]
transform = Transform( 0.176912, 0.843697, -0.506832, -0.652558, 0.486045, 0.581316, 0.736797, 0.227895, 0.636548, 4.30646, 4.91794, -24.4209 )
visible = false
mesh = SubResource( 1 )
skeleton = NodePath("")
material/0 = null

[node name="Right3" type="MeshInstance" parent="."]
transform = Transform( 0.122423, 0.778045, 0.616164, -0.747607, 0.480621, -0.458353, -0.65276, -0.404536, 0.640511, -2.7538, 4.00658, -11.9393 )
visible = false
mesh = SubResource( 1 )
skeleton = NodePath("")
material/0 = null

[node name="Right4" type="MeshInstance" parent="."]
transform = Transform( 0.122423, 0.778045, 0.616164, -0.747607, 0.480621, -0.458353, -0.65276, -0.404536, 0.640511, 3.26158, 2.87603, -18.535 )
visible = false
mesh = SubResource( 1 )
skeleton = NodePath("")
material/0 = null

[node name="Right5" type="MeshInstance" parent="."]
transform = Transform( 0.122423, 0.778045, 0.616164, -0.747607, 0.480621, -0.458353, -0.65276, -0.404536, 0.640511, -5.1283, 8.47097, -35.9232 )
visible = false
mesh = SubResource( 1 )
skeleton = NodePath("")
material/0 = null

[node name="Right6" type="MeshInstance" parent="."]
transform = Transform( 0.825129, 0.492235, -0.277247, -0.504371, 0.86293, 0.0309954, 0.254502, 0.11426, 0.960299, 3.64375, 12.3125, -32.7125 )
visible = false
mesh = SubResource( 1 )
skeleton = NodePath("")
material/0 = null

[node name="Right7" type="MeshInstance" parent="."]
transform = Transform( 0.30302, 0.733256, -0.6087, -0.651952, 0.625376, 0.428793, 0.695081, 0.26691, 0.667548, 0.0648363, 12.7126, -20.3163 )
visible = false
mesh = SubResource( 1 )
skeleton = NodePath("")
material/0 = null

[node name="Sprite3D" type="Sprite3D" parent="."]
transform = Transform( 0.6, 0, 0, 0, -1.5299e-08, 1, 0, -0.35, -4.37114e-08, 0, 0, -4.88791 )
alpha_cut = 2
texture = ExtResource( 2 )

[node name="Sprite3D2" type="Sprite3D" parent="."]
transform = Transform( 1, 0, 0, 0, 1, 0, 0, 0, 1, -5.22394, 0.0209551, -15.8145 )
pixel_size = 0.004
alpha_cut = 2
texture = ExtResource( 5 )

[node name="Sprite3D5" type="Sprite3D" parent="."]
transform = Transform( 1, 0, 0, 0, 1, 0, 0, 0, 1, 4.08352, 1, -3 )
pixel_size = 0.0008
alpha_cut = 2
texture = ExtResource( 3 )

[node name="Sprite3D6" type="Sprite3D" parent="."]
transform = Transform( -1, 0, -8.74228e-08, 0, 1, 0, 8.74228e-08, 0, -1, 6.68823, 2.45426, -3 )
alpha_cut = 2
texture = ExtResource( 4 )
script = SubResource( 3 )

[node name="DirectionalLight" type="DirectionalLight" parent="."]
transform = Transform( -0.750434, 0.246461, -0.613275, 0, 0.927875, 0.372891, 0.660945, 0.27983, -0.696309, 0, 5.69432, -12.7314 )
light_color = Color( 0.529412, 0.529412, 0.529412, 1 )
